Kr

BASIC INFO
----------
Generated by:
 ADF
Periodicity:
 0
Spin unrestricted:
 .false.
Nuclear repulsion energy (au/atom):
 0.000000000000000
Number of electrons
 36

GEOMETRY
--------
Number of atoms
 1
Atomic positions (au)
 0.0000000000000E+00 0.0000000000000E+00 0.0000000000000E+00
Atomic numbers for each atom
        36
Valence charges for each atom
 3.6000000000000E+01

BASIS SET
---------
Number of STO centres
 1
Position of each centre (au)
 0.0000000000000E+00 0.0000000000000E+00 0.0000000000000E+00
Number of shells
 35
Sequence number of first shell on each centre
         1
Code for shell types (s/sp/p/d/f/g 1/2/3/4/5/6)
         1         1         1         1         1         1         1         1
         1         1         1         1         1         1         1         3
         3         3         3         3         3         3         3         3
         3         3         4         4         4         4         4         4
         5         5         5
Order of radial prefactor r in each shell
         0         0         0         0         1         1         1         2
         2         2         3         3         3         3         3         0
         0         0         0         1         1         1         2         2
         2         2         0         0         0         0         1         1
         0         0         0
Exponent in each STO shell
 5.4000000000000E+02 1.4000000000000E+02 4.9100000000000E+01 3.4800000000000E+01
 3.1100000000000E+01 1.6150000000000E+01 1.2900000000000E+01 1.2150000000000E+01
 7.5500000000000E+00 5.5500000000000E+00 5.0000000000000E+00 3.6500000000000E+00
 2.5000000000000E+00 1.7800000000000E+00 9.0000000000000E-01 1.1500000000000E+02
 3.8350000000000E+01 1.8650000000000E+01 1.3250000000000E+01 1.0300000000000E+01
 6.9500000000000E+00 4.9500000000000E+00 4.0500000000000E+00 2.8000000000000E+00
 1.8000000000000E+00 1.2000000000000E+00 1.8000000000000E+01 9.9000000000000E+00
 5.8000000000000E+00 3.6000000000000E+00 2.4000000000000E+00 1.2000000000000E+00
 4.0000000000000E+00 2.0000000000000E+00 1.0000000000000E+00
Number of basis functions ('AO')
 99
Number of molecular orbitals ('MO')
        18

MULTIDETERMINANT INFORMATION
----------------------------
GS

ORBITAL COEFFICIENTS (normalized AO)
------------------------------------
 6.4393626566907E-07 1.0620710350717E-06-4.9257348476771E-02-9.5486359529046E-01
 8.5365464472544E-03-3.7105008428349E-02 3.8685042205167E-02-8.6169720348776E-03
-1.2839623432743E-02 2.1330796728842E-02-1.7194639057325E-02 9.8039386419570E-03
-4.6681738165660E-03 1.6580495398856E-03-2.0244972908995E-04 0.0000000000000E+00
 0.0000000000000E+00 0.0000000000000E+00 0.0000000000000E+00 0.0000000000000E+00
 0.0000000000000E+00 0.0000000000000E+00 0.0000000000000E+00 0.0000000000000E+00
 0.0000000000000E+00 0.0000000000000E+00 0.0000000000000E+00 0.0000000000000E+00
 0.0000000000000E+00 0.0000000000000E+00 0.0000000000000E+00 0.0000000000000E+00
 0.0000000000000E+00 0.0000000000000E+00 0.0000000000000E+00 0.0000000000000E+00
 0.0000000000000E+00 0.0000000000000E+00 0.0000000000000E+00 0.0000000000000E+00
 0.0000000000000E+00 0.0000000000000E+00 0.0000000000000E+00 0.0000000000000E+00
 0.0000000000000E+00 0.0000000000000E+00 0.0000000000000E+00 0.0000000000000E+00
 0.0000000000000E+00 0.0000000000000E+00 0.0000000000000E+00 0.0000000000000E+00
 0.0000000000000E+00 0.0000000000000E+00 0.0000000000000E+00 0.0000000000000E+00
 0.0000000000000E+00 0.0000000000000E+00 0.0000000000000E+00 0.0000000000000E+00
 0.0000000000000E+00 0.0000000000000E+00 0.0000000000000E+00 0.0000000000000E+00
 0.0000000000000E+00 0.0000000000000E+00 0.0000000000000E+00 0.0000000000000E+00
 0.0000000000000E+00 0.0000000000000E+00 0.0000000000000E+00 0.0000000000000E+00
 0.0000000000000E+00 0.0000000000000E+00 0.0000000000000E+00 0.0000000000000E+00
 0.0000000000000E+00 0.0000000000000E+00 0.0000000000000E+00 0.0000000000000E+00
 0.0000000000000E+00 0.0000000000000E+00 0.0000000000000E+00 0.0000000000000E+00
 0.0000000000000E+00 0.0000000000000E+00 0.0000000000000E+00 0.0000000000000E+00
 0.0000000000000E+00 0.0000000000000E+00 0.0000000000000E+00 0.0000000000000E+00
 0.0000000000000E+00 0.0000000000000E+00 0.0000000000000E+00 0.0000000000000E+00
 0.0000000000000E+00 0.0000000000000E+00 0.0000000000000E+00-6.2888374376913E-07
 8.3783185783896E-05-1.3852568957807E-02-3.0378606037305E-01-1.8413327900353E-01
 7.0089512238610E-01 4.9880438432475E-01-1.3628895932551E-02-6.6312692942448E-02
 1.1250578004014E-01-9.0877257882407E-02 5.2404202055125E-02-2.5371326876709E-02
 9.1018592435272E-03-1.1263616899776E-03 0.0000000000000E+00 0.0000000000000E+00
 0.0000000000000E+00 0.0000000000000E+00 0.0000000000000E+00 0.0000000000000E+00
 0.0000000000000E+00 0.0000000000000E+00 0.0000000000000E+00 0.0000000000000E+00
 0.0000000000000E+00 0.0000000000000E+00 0.0000000000000E+00 0.0000000000000E+00
 0.0000000000000E+00 0.0000000000000E+00 0.0000000000000E+00 0.0000000000000E+00
 0.0000000000000E+00 0.0000000000000E+00 0.0000000000000E+00 0.0000000000000E+00
 0.0000000000000E+00 0.0000000000000E+00 0.0000000000000E+00 0.0000000000000E+00
 0.0000000000000E+00 0.0000000000000E+00 0.0000000000000E+00 0.0000000000000E+00
 0.0000000000000E+00 0.0000000000000E+00 0.0000000000000E+00 0.0000000000000E+00
 0.0000000000000E+00 0.0000000000000E+00 0.0000000000000E+00 0.0000000000000E+00
 0.0000000000000E+00 0.0000000000000E+00 0.0000000000000E+00 0.0000000000000E+00
 0.0000000000000E+00 0.0000000000000E+00 0.0000000000000E+00 0.0000000000000E+00
 0.0000000000000E+00 0.0000000000000E+00 0.0000000000000E+00 0.0000000000000E+00
 0.0000000000000E+00 0.0000000000000E+00 0.0000000000000E+00 0.0000000000000E+00
 0.0000000000000E+00 0.0000000000000E+00 0.0000000000000E+00 0.0000000000000E+00
 0.0000000000000E+00 0.0000000000000E+00 0.0000000000000E+00 0.0000000000000E+00
 0.0000000000000E+00 0.0000000000000E+00 0.0000000000000E+00 0.0000000000000E+00
 0.0000000000000E+00 0.0000000000000E+00 0.0000000000000E+00 0.0000000000000E+00
 0.0000000000000E+00 0.0000000000000E+00 0.0000000000000E+00 0.0000000000000E+00
 0.0000000000000E+00 0.0000000000000E+00 0.0000000000000E+00 0.0000000000000E+00
 0.0000000000000E+00 0.0000000000000E+00 0.0000000000000E+00 0.0000000000000E+00
 0.0000000000000E+00 0.0000000000000E+00 0.0000000000000E+00 0.0000000000000E+00
 0.0000000000000E+00 0.0000000000000E+00 0.0000000000000E+00 0.0000000000000E+00
 0.0000000000000E+00 0.0000000000000E+00 0.0000000000000E+00 0.0000000000000E+00
 0.0000000000000E+00 0.0000000000000E+00 0.0000000000000E+00 0.0000000000000E+00
 0.0000000000000E+00 0.0000000000000E+00 1.0123211418046E-04 0.0000000000000E+00
 0.0000000000000E+00-9.1444761198305E-03 0.0000000000000E+00 0.0000000000000E+00
-4.4064067064968E-01 0.0000000000000E+00 0.0000000000000E+00-5.7435932782386E-01
 0.0000000000000E+00 0.0000000000000E+00 9.1727953227871E-03 0.0000000000000E+00
 0.0000000000000E+00-8.9833002050121E-03 0.0000000000000E+00 0.0000000000000E+00
 2.0373234309824E-03 0.0000000000000E+00 0.0000000000000E+00 1.7185694497826E-04
 0.0000000000000E+00 0.0000000000000E+00-4.5383217638098E-04 0.0000000000000E+00
 0.0000000000000E+00 2.5788797972661E-04 0.0000000000000E+00 0.0000000000000E+00
-8.5229375200298E-05 0.0000000000000E+00 0.0000000000000E+00 0.0000000000000E+00
 0.0000000000000E+00 0.0000000000000E+00 0.0000000000000E+00 0.0000000000000E+00
 0.0000000000000E+00 0.0000000000000E+00 0.0000000000000E+00 0.0000000000000E+00
 0.0000000000000E+00 0.0000000000000E+00 0.0000000000000E+00 0.0000000000000E+00
 0.0000000000000E+00 0.0000000000000E+00 0.0000000000000E+00 0.0000000000000E+00
 0.0000000000000E+00 0.0000000000000E+00 0.0000000000000E+00 0.0000000000000E+00
 0.0000000000000E+00 0.0000000000000E+00 0.0000000000000E+00 0.0000000000000E+00
 0.0000000000000E+00 0.0000000000000E+00 0.0000000000000E+00 0.0000000000000E+00
 0.0000000000000E+00 0.0000000000000E+00 0.0000000000000E+00 0.0000000000000E+00
 0.0000000000000E+00 0.0000000000000E+00 0.0000000000000E+00 0.0000000000000E+00
 0.0000000000000E+00 0.0000000000000E+00 0.0000000000000E+00 0.0000000000000E+00
 0.0000000000000E+00 0.0000000000000E+00 0.0000000000000E+00 0.0000000000000E+00
 0.0000000000000E+00 0.0000000000000E+00 0.0000000000000E+00 0.0000000000000E+00
 0.0000000000000E+00 0.0000000000000E+00 0.0000000000000E+00 0.0000000000000E+00
 0.0000000000000E+00 0.0000000000000E+00 0.0000000000000E+00 0.0000000000000E+00
 0.0000000000000E+00 0.0000000000000E+00 0.0000000000000E+00 0.0000000000000E+00
 0.0000000000000E+00 0.0000000000000E+00 0.0000000000000E+00 0.0000000000000E+00
 1.0123211418046E-04 0.0000000000000E+00 0.0000000000000E+00-9.1444761198305E-03
 0.0000000000000E+00 0.0000000000000E+00-4.4064067064968E-01 0.0000000000000E+00
 0.0000000000000E+00-5.7435932782386E-01 0.0000000000000E+00 0.0000000000000E+00
 9.1727953227871E-03 0.0000000000000E+00 0.0000000000000E+00-8.9833002050121E-03
 0.0000000000000E+00 0.0000000000000E+00 2.0373234309824E-03 0.0000000000000E+00
 0.0000000000000E+00 1.7185694497826E-04 0.0000000000000E+00 0.0000000000000E+00
-4.5383217638098E-04 0.0000000000000E+00 0.0000000000000E+00 2.5788797972661E-04
 0.0000000000000E+00 0.0000000000000E+00-8.5229375200298E-05 0.0000000000000E+00
 0.0000000000000E+00 0.0000000000000E+00 0.0000000000000E+00 0.0000000000000E+00
 0.0000000000000E+00 0.0000000000000E+00 0.0000000000000E+00 0.0000000000000E+00
 0.0000000000000E+00 0.0000000000000E+00 0.0000000000000E+00 0.0000000000000E+00
 0.0000000000000E+00 0.0000000000000E+00 0.0000000000000E+00 0.0000000000000E+00
 0.0000000000000E+00 0.0000000000000E+00 0.0000000000000E+00 0.0000000000000E+00
 0.0000000000000E+00 0.0000000000000E+00 0.0000000000000E+00 0.0000000000000E+00
 0.0000000000000E+00 0.0000000000000E+00 0.0000000000000E+00 0.0000000000000E+00
 0.0000000000000E+00 0.0000000000000E+00 0.0000000000000E+00 0.0000000000000E+00
 0.0000000000000E+00 0.0000000000000E+00 0.0000000000000E+00 0.0000000000000E+00
 0.0000000000000E+00 0.0000000000000E+00 0.0000000000000E+00 0.0000000000000E+00
 0.0000000000000E+00 0.0000000000000E+00 0.0000000000000E+00 0.0000000000000E+00
 0.0000000000000E+00 0.0000000000000E+00 0.0000000000000E+00 0.0000000000000E+00
 0.0000000000000E+00 0.0000000000000E+00 0.0000000000000E+00 0.0000000000000E+00
 0.0000000000000E+00 0.0000000000000E+00 0.0000000000000E+00 0.0000000000000E+00
 0.0000000000000E+00 0.0000000000000E+00 0.0000000000000E+00 0.0000000000000E+00
 0.0000000000000E+00 0.0000000000000E+00 0.0000000000000E+00 0.0000000000000E+00
 0.0000000000000E+00 0.0000000000000E+00 0.0000000000000E+00 0.0000000000000E+00
 0.0000000000000E+00 1.0123211418046E-04 0.0000000000000E+00 0.0000000000000E+00
-9.1444761198305E-03 0.0000000000000E+00 0.0000000000000E+00-4.4064067064968E-01
 0.0000000000000E+00 0.0000000000000E+00-5.7435932782386E-01 0.0000000000000E+00
 0.0000000000000E+00 9.1727953227871E-03 0.0000000000000E+00 0.0000000000000E+00
-8.9833002050121E-03 0.0000000000000E+00 0.0000000000000E+00 2.0373234309824E-03
 0.0000000000000E+00 0.0000000000000E+00 1.7185694497826E-04 0.0000000000000E+00
 0.0000000000000E+00-4.5383217638098E-04 0.0000000000000E+00 0.0000000000000E+00
 2.5788797972661E-04 0.0000000000000E+00 0.0000000000000E+00-8.5229375200298E-05
 0.0000000000000E+00 0.0000000000000E+00 0.0000000000000E+00 0.0000000000000E+00
 0.0000000000000E+00 0.0000000000000E+00 0.0000000000000E+00 0.0000000000000E+00
 0.0000000000000E+00 0.0000000000000E+00 0.0000000000000E+00 0.0000000000000E+00
 0.0000000000000E+00 0.0000000000000E+00 0.0000000000000E+00 0.0000000000000E+00
 0.0000000000000E+00 0.0000000000000E+00 0.0000000000000E+00 0.0000000000000E+00
 0.0000000000000E+00 0.0000000000000E+00 0.0000000000000E+00 0.0000000000000E+00
 0.0000000000000E+00 0.0000000000000E+00 0.0000000000000E+00 0.0000000000000E+00
 0.0000000000000E+00 0.0000000000000E+00 0.0000000000000E+00 0.0000000000000E+00
 0.0000000000000E+00 0.0000000000000E+00 0.0000000000000E+00 0.0000000000000E+00
 0.0000000000000E+00 0.0000000000000E+00 0.0000000000000E+00 0.0000000000000E+00
 0.0000000000000E+00 0.0000000000000E+00 0.0000000000000E+00 0.0000000000000E+00
 0.0000000000000E+00 0.0000000000000E+00 0.0000000000000E+00 0.0000000000000E+00
 0.0000000000000E+00 0.0000000000000E+00 0.0000000000000E+00 3.0233464837854E-07
-1.6881771219901E-05-5.5076865360200E-04-1.2993365064666E-01-6.8394822831320E-02
-2.8924032508074E-01 1.2071556917156E+00-4.3994138565708E-01-5.8839135828107E-01
-5.9137778236383E-01 1.9934211180151E-01-1.0282940221454E-01 4.6575604962655E-02
-1.7100599766239E-02 2.1378535006654E-03 0.0000000000000E+00 0.0000000000000E+00
 0.0000000000000E+00 0.0000000000000E+00 0.0000000000000E+00 0.0000000000000E+00
 0.0000000000000E+00 0.0000000000000E+00 0.0000000000000E+00 0.0000000000000E+00
 0.0000000000000E+00 0.0000000000000E+00 0.0000000000000E+00 0.0000000000000E+00
 0.0000000000000E+00 0.0000000000000E+00 0.0000000000000E+00 0.0000000000000E+00
 0.0000000000000E+00 0.0000000000000E+00 0.0000000000000E+00 0.0000000000000E+00
 0.0000000000000E+00 0.0000000000000E+00 0.0000000000000E+00 0.0000000000000E+00
 0.0000000000000E+00 0.0000000000000E+00 0.0000000000000E+00 0.0000000000000E+00
 0.0000000000000E+00 0.0000000000000E+00 0.0000000000000E+00 0.0000000000000E+00
 0.0000000000000E+00 0.0000000000000E+00 0.0000000000000E+00 0.0000000000000E+00
 0.0000000000000E+00 0.0000000000000E+00 0.0000000000000E+00 0.0000000000000E+00
 0.0000000000000E+00 0.0000000000000E+00 0.0000000000000E+00 0.0000000000000E+00
 0.0000000000000E+00 0.0000000000000E+00 0.0000000000000E+00 0.0000000000000E+00
 0.0000000000000E+00 0.0000000000000E+00 0.0000000000000E+00 0.0000000000000E+00
 0.0000000000000E+00 0.0000000000000E+00 0.0000000000000E+00 0.0000000000000E+00
 0.0000000000000E+00 0.0000000000000E+00 0.0000000000000E+00 0.0000000000000E+00
 0.0000000000000E+00 0.0000000000000E+00 0.0000000000000E+00 0.0000000000000E+00
 0.0000000000000E+00 0.0000000000000E+00 0.0000000000000E+00 0.0000000000000E+00
 0.0000000000000E+00 0.0000000000000E+00 0.0000000000000E+00 0.0000000000000E+00
 0.0000000000000E+00 0.0000000000000E+00 0.0000000000000E+00 0.0000000000000E+00
 0.0000000000000E+00 0.0000000000000E+00 0.0000000000000E+00 0.0000000000000E+00
 0.0000000000000E+00 0.0000000000000E+00 0.0000000000000E+00 0.0000000000000E+00
 0.0000000000000E+00 0.0000000000000E+00 0.0000000000000E+00 0.0000000000000E+00
 0.0000000000000E+00 0.0000000000000E+00 0.0000000000000E+00 0.0000000000000E+00
 0.0000000000000E+00 0.0000000000000E+00 0.0000000000000E+00 0.0000000000000E+00
 0.0000000000000E+00 0.0000000000000E+00 6.3775523111089E-05 0.0000000000000E+00
 0.0000000000000E+00-3.7949973473512E-03 0.0000000000000E+00 0.0000000000000E+00
-1.1983688692591E-01 0.0000000000000E+00 0.0000000000000E+00-3.7397389397555E-01
 0.0000000000000E+00 0.0000000000000E+00 2.1858406296762E-01 0.0000000000000E+00
 0.0000000000000E+00 7.2233813920399E-01 0.0000000000000E+00 0.0000000000000E+00
 2.3741865309580E-01 0.0000000000000E+00 0.0000000000000E+00 3.3810637667363E-03
 0.0000000000000E+00 0.0000000000000E+00-1.2795584446364E-03 0.0000000000000E+00
 0.0000000000000E+00 1.4872697194282E-03 0.0000000000000E+00 0.0000000000000E+00
-4.7905282633108E-04 0.0000000000000E+00 0.0000000000000E+00 0.0000000000000E+00
 0.0000000000000E+00 0.0000000000000E+00 0.0000000000000E+00 0.0000000000000E+00
 0.0000000000000E+00 0.0000000000000E+00 0.0000000000000E+00 0.0000000000000E+00
 0.0000000000000E+00 0.0000000000000E+00 0.0000000000000E+00 0.0000000000000E+00
 0.0000000000000E+00 0.0000000000000E+00 0.0000000000000E+00 0.0000000000000E+00
 0.0000000000000E+00 0.0000000000000E+00 0.0000000000000E+00 0.0000000000000E+00
 0.0000000000000E+00 0.0000000000000E+00 0.0000000000000E+00 0.0000000000000E+00
 0.0000000000000E+00 0.0000000000000E+00 0.0000000000000E+00 0.0000000000000E+00
 0.0000000000000E+00 0.0000000000000E+00 0.0000000000000E+00 0.0000000000000E+00
 0.0000000000000E+00 0.0000000000000E+00 0.0000000000000E+00 0.0000000000000E+00
 0.0000000000000E+00 0.0000000000000E+00 0.0000000000000E+00 0.0000000000000E+00
 0.0000000000000E+00 0.0000000000000E+00 0.0000000000000E+00 0.0000000000000E+00
 0.0000000000000E+00 0.0000000000000E+00 0.0000000000000E+00 0.0000000000000E+00
 0.0000000000000E+00 0.0000000000000E+00 0.0000000000000E+00 0.0000000000000E+00
 0.0000000000000E+00 0.0000000000000E+00 0.0000000000000E+00 0.0000000000000E+00
 0.0000000000000E+00 0.0000000000000E+00 0.0000000000000E+00 0.0000000000000E+00
 0.0000000000000E+00 0.0000000000000E+00 0.0000000000000E+00 0.0000000000000E+00
 6.3775523111089E-05 0.0000000000000E+00 0.0000000000000E+00-3.7949973473512E-03
 0.0000000000000E+00 0.0000000000000E+00-1.1983688692591E-01 0.0000000000000E+00
 0.0000000000000E+00-3.7397389397555E-01 0.0000000000000E+00 0.0000000000000E+00
 2.1858406296762E-01 0.0000000000000E+00 0.0000000000000E+00 7.2233813920399E-01
 0.0000000000000E+00 0.0000000000000E+00 2.3741865309580E-01 0.0000000000000E+00
 0.0000000000000E+00 3.3810637667363E-03 0.0000000000000E+00 0.0000000000000E+00
-1.2795584446364E-03 0.0000000000000E+00 0.0000000000000E+00 1.4872697194282E-03
 0.0000000000000E+00 0.0000000000000E+00-4.7905282633108E-04 0.0000000000000E+00
 0.0000000000000E+00 0.0000000000000E+00 0.0000000000000E+00 0.0000000000000E+00
 0.0000000000000E+00 0.0000000000000E+00 0.0000000000000E+00 0.0000000000000E+00
 0.0000000000000E+00 0.0000000000000E+00 0.0000000000000E+00 0.0000000000000E+00
 0.0000000000000E+00 0.0000000000000E+00 0.0000000000000E+00 0.0000000000000E+00
 0.0000000000000E+00 0.0000000000000E+00 0.0000000000000E+00 0.0000000000000E+00
 0.0000000000000E+00 0.0000000000000E+00 0.0000000000000E+00 0.0000000000000E+00
 0.0000000000000E+00 0.0000000000000E+00 0.0000000000000E+00 0.0000000000000E+00
 0.0000000000000E+00 0.0000000000000E+00 0.0000000000000E+00 0.0000000000000E+00
 0.0000000000000E+00 0.0000000000000E+00 0.0000000000000E+00 0.0000000000000E+00
 0.0000000000000E+00 0.0000000000000E+00 0.0000000000000E+00 0.0000000000000E+00
 0.0000000000000E+00 0.0000000000000E+00 0.0000000000000E+00 0.0000000000000E+00
 0.0000000000000E+00 0.0000000000000E+00 0.0000000000000E+00 0.0000000000000E+00
 0.0000000000000E+00 0.0000000000000E+00 0.0000000000000E+00 0.0000000000000E+00
 0.0000000000000E+00 0.0000000000000E+00 0.0000000000000E+00 0.0000000000000E+00
 0.0000000000000E+00 0.0000000000000E+00 0.0000000000000E+00 0.0000000000000E+00
 0.0000000000000E+00 0.0000000000000E+00 0.0000000000000E+00 0.0000000000000E+00
 0.0000000000000E+00 0.0000000000000E+00 0.0000000000000E+00 0.0000000000000E+00
 0.0000000000000E+00 6.3775523111089E-05 0.0000000000000E+00 0.0000000000000E+00
-3.7949973473512E-03 0.0000000000000E+00 0.0000000000000E+00-1.1983688692591E-01
 0.0000000000000E+00 0.0000000000000E+00-3.7397389397555E-01 0.0000000000000E+00
 0.0000000000000E+00 2.1858406296762E-01 0.0000000000000E+00 0.0000000000000E+00
 7.2233813920399E-01 0.0000000000000E+00 0.0000000000000E+00 2.3741865309580E-01
 0.0000000000000E+00 0.0000000000000E+00 3.3810637667363E-03 0.0000000000000E+00
 0.0000000000000E+00-1.2795584446364E-03 0.0000000000000E+00 0.0000000000000E+00
 1.4872697194282E-03 0.0000000000000E+00 0.0000000000000E+00-4.7905282633108E-04
 0.0000000000000E+00 0.0000000000000E+00 0.0000000000000E+00 0.0000000000000E+00
 0.0000000000000E+00 0.0000000000000E+00 0.0000000000000E+00 0.0000000000000E+00
 0.0000000000000E+00 0.0000000000000E+00 0.0000000000000E+00 0.0000000000000E+00
 0.0000000000000E+00 0.0000000000000E+00 0.0000000000000E+00 0.0000000000000E+00
 0.0000000000000E+00 0.0000000000000E+00 0.0000000000000E+00 0.0000000000000E+00
 0.0000000000000E+00 0.0000000000000E+00 0.0000000000000E+00 0.0000000000000E+00
 0.0000000000000E+00 0.0000000000000E+00 0.0000000000000E+00 0.0000000000000E+00
 0.0000000000000E+00 0.0000000000000E+00 0.0000000000000E+00 0.0000000000000E+00
 0.0000000000000E+00 0.0000000000000E+00 0.0000000000000E+00 0.0000000000000E+00
 0.0000000000000E+00 0.0000000000000E+00 0.0000000000000E+00 0.0000000000000E+00
 0.0000000000000E+00 0.0000000000000E+00 0.0000000000000E+00 0.0000000000000E+00
 0.0000000000000E+00 0.0000000000000E+00 0.0000000000000E+00 0.0000000000000E+00
 0.0000000000000E+00 0.0000000000000E+00 0.0000000000000E+00 0.0000000000000E+00
 0.0000000000000E+00 0.0000000000000E+00 0.0000000000000E+00 0.0000000000000E+00
 0.0000000000000E+00 0.0000000000000E+00 0.0000000000000E+00 0.0000000000000E+00
 0.0000000000000E+00 0.0000000000000E+00 0.0000000000000E+00 0.0000000000000E+00
 0.0000000000000E+00 0.0000000000000E+00 0.0000000000000E+00 0.0000000000000E+00
 0.0000000000000E+00 0.0000000000000E+00 0.0000000000000E+00 0.0000000000000E+00
 0.0000000000000E+00 0.0000000000000E+00 0.0000000000000E+00 0.0000000000000E+00
 0.0000000000000E+00 0.0000000000000E+00 0.0000000000000E+00 0.0000000000000E+00
 0.0000000000000E+00 0.0000000000000E+00 0.0000000000000E+00 0.0000000000000E+00
 0.0000000000000E+00 0.0000000000000E+00 0.0000000000000E+00 0.0000000000000E+00
 0.0000000000000E+00 0.0000000000000E+00 0.0000000000000E+00 0.0000000000000E+00
 0.0000000000000E+00 0.0000000000000E+00 0.0000000000000E+00 0.0000000000000E+00
 0.0000000000000E+00 0.0000000000000E+00 0.0000000000000E+00 0.0000000000000E+00
 0.0000000000000E+00 0.0000000000000E+00-1.9044858312253E-19 2.0584900031612E-02
 0.0000000000000E+00 0.0000000000000E+00 0.0000000000000E+00-2.6600327849710E-18
 2.8751334382053E-01 0.0000000000000E+00 0.0000000000000E+00 0.0000000000000E+00
 4.6466940136996E-18 4.9775561371354E-01 0.0000000000000E+00 0.0000000000000E+00
 0.0000000000000E+00-1.3716882380071E-18 1.4826083130138E-01 0.0000000000000E+00
 0.0000000000000E+00 0.0000000000000E+00-2.6794127925398E-22-4.5932044411027E-04
 0.0000000000000E+00 0.0000000000000E+00 0.0000000000000E+00-7.0589289357729E-21
 7.6297415339476E-04 0.0000000000000E+00 0.0000000000000E+00 0.0000000000000E+00
 0.0000000000000E+00 0.0000000000000E+00 0.0000000000000E+00 0.0000000000000E+00
 0.0000000000000E+00 0.0000000000000E+00 0.0000000000000E+00 0.0000000000000E+00
 0.0000000000000E+00 0.0000000000000E+00 0.0000000000000E+00 0.0000000000000E+00
 0.0000000000000E+00 0.0000000000000E+00 0.0000000000000E+00 0.0000000000000E+00
 0.0000000000000E+00 0.0000000000000E+00 0.0000000000000E+00 0.0000000000000E+00
 0.0000000000000E+00 0.0000000000000E+00 0.0000000000000E+00 0.0000000000000E+00
 0.0000000000000E+00 0.0000000000000E+00 0.0000000000000E+00 0.0000000000000E+00
 0.0000000000000E+00 0.0000000000000E+00 0.0000000000000E+00 0.0000000000000E+00
 0.0000000000000E+00 0.0000000000000E+00 0.0000000000000E+00 0.0000000000000E+00
 0.0000000000000E+00 0.0000000000000E+00 0.0000000000000E+00 0.0000000000000E+00
 0.0000000000000E+00 0.0000000000000E+00 0.0000000000000E+00 0.0000000000000E+00
 0.0000000000000E+00 0.0000000000000E+00 0.0000000000000E+00 0.0000000000000E+00
 0.0000000000000E+00 0.0000000000000E+00 0.0000000000000E+00 0.0000000000000E+00
 0.0000000000000E+00 0.0000000000000E+00 0.0000000000000E+00 0.0000000000000E+00
 0.0000000000000E+00 0.0000000000000E+00 0.0000000000000E+00 0.0000000000000E+00
 0.0000000000000E+00 0.0000000000000E+00 0.0000000000000E+00 0.0000000000000E+00
 0.0000000000000E+00 0.0000000000000E+00 2.3769395148986E-02 0.0000000000000E+00
 0.0000000000000E+00 0.0000000000000E+00 0.0000000000000E+00 3.3199181290079E-01
 0.0000000000000E+00 0.0000000000000E+00 0.0000000000000E+00 0.0000000000000E+00
 5.7475867513632E-01 0.0000000000000E+00 0.0000000000000E+00 0.0000000000000E+00
 0.0000000000000E+00 1.7119686172426E-01 0.0000000000000E+00 0.0000000000000E+00
 0.0000000000000E+00 0.0000000000000E+00-5.3037756410271E-04 0.0000000000000E+00
 0.0000000000000E+00 0.0000000000000E+00 0.0000000000000E+00 8.8100666569439E-04
 0.0000000000000E+00 0.0000000000000E+00 0.0000000000000E+00 0.0000000000000E+00
 0.0000000000000E+00 0.0000000000000E+00 0.0000000000000E+00 0.0000000000000E+00
 0.0000000000000E+00 0.0000000000000E+00 0.0000000000000E+00 0.0000000000000E+00
 0.0000000000000E+00 0.0000000000000E+00 0.0000000000000E+00 0.0000000000000E+00
 0.0000000000000E+00 0.0000000000000E+00 0.0000000000000E+00 0.0000000000000E+00
 0.0000000000000E+00 0.0000000000000E+00 0.0000000000000E+00 0.0000000000000E+00
 0.0000000000000E+00 0.0000000000000E+00 0.0000000000000E+00 0.0000000000000E+00
 0.0000000000000E+00 0.0000000000000E+00 0.0000000000000E+00 0.0000000000000E+00
 0.0000000000000E+00 0.0000000000000E+00 0.0000000000000E+00 0.0000000000000E+00
 0.0000000000000E+00 0.0000000000000E+00 0.0000000000000E+00 0.0000000000000E+00
 0.0000000000000E+00 0.0000000000000E+00 0.0000000000000E+00 0.0000000000000E+00
 0.0000000000000E+00 0.0000000000000E+00 0.0000000000000E+00 0.0000000000000E+00
 0.0000000000000E+00 0.0000000000000E+00 0.0000000000000E+00 0.0000000000000E+00
 0.0000000000000E+00 0.0000000000000E+00 0.0000000000000E+00 0.0000000000000E+00
 0.0000000000000E+00 0.0000000000000E+00 0.0000000000000E+00 0.0000000000000E+00
 0.0000000000000E+00 0.0000000000000E+00 0.0000000000000E+00 0.0000000000000E+00
 0.0000000000000E+00 0.0000000000000E+00 0.0000000000000E+00 0.0000000000000E+00
 0.0000000000000E+00 0.0000000000000E+00 0.0000000000000E+00 0.0000000000000E+00
 0.0000000000000E+00 0.0000000000000E+00 0.0000000000000E+00 0.0000000000000E+00
 1.1884697574493E-02 0.0000000000000E+00 0.0000000000000E+00 0.0000000000000E+00
 0.0000000000000E+00 1.6599590645039E-01 0.0000000000000E+00 0.0000000000000E+00
 0.0000000000000E+00 0.0000000000000E+00 2.8737933756816E-01 0.0000000000000E+00
 0.0000000000000E+00 0.0000000000000E+00 0.0000000000000E+00 8.5598430862128E-02
 0.0000000000000E+00 0.0000000000000E+00 0.0000000000000E+00 0.0000000000000E+00
-2.6518878205136E-04 0.0000000000000E+00 0.0000000000000E+00 0.0000000000000E+00
 0.0000000000000E+00 4.4050333284720E-04 4.1199682554449E-18 0.0000000000000E+00
 0.0000000000000E+00 0.0000000000000E+00 0.0000000000000E+00 0.0000000000000E+00
 0.0000000000000E+00 0.0000000000000E+00 0.0000000000000E+00 0.0000000000000E+00
 0.0000000000000E+00 0.0000000000000E+00 0.0000000000000E+00 0.0000000000000E+00
 0.0000000000000E+00 0.0000000000000E+00 0.0000000000000E+00 0.0000000000000E+00
 0.0000000000000E+00 0.0000000000000E+00 0.0000000000000E+00 0.0000000000000E+00
 0.0000000000000E+00 0.0000000000000E+00 0.0000000000000E+00 0.0000000000000E+00
 0.0000000000000E+00 0.0000000000000E+00 0.0000000000000E+00 0.0000000000000E+00
 0.0000000000000E+00 0.0000000000000E+00 0.0000000000000E+00 0.0000000000000E+00
 0.0000000000000E+00 0.0000000000000E+00 0.0000000000000E+00 0.0000000000000E+00
 0.0000000000000E+00 0.0000000000000E+00 0.0000000000000E+00 0.0000000000000E+00
 0.0000000000000E+00 0.0000000000000E+00 0.0000000000000E+00 0.0000000000000E+00
 0.0000000000000E+00 0.0000000000000E+00 0.0000000000000E+00 0.0000000000000E+00
 0.0000000000000E+00 0.0000000000000E+00 0.0000000000000E+00 0.0000000000000E+00
 0.0000000000000E+00 0.0000000000000E+00 0.0000000000000E+00 0.0000000000000E+00
 0.0000000000000E+00 0.0000000000000E+00 0.0000000000000E+00 0.0000000000000E+00
 0.0000000000000E+00 0.0000000000000E+00 0.0000000000000E+00 0.0000000000000E+00
 0.0000000000000E+00 0.0000000000000E+00 0.0000000000000E+00 0.0000000000000E+00
 0.0000000000000E+00 2.3769395148986E-02 0.0000000000000E+00 0.0000000000000E+00
 0.0000000000000E+00 0.0000000000000E+00 3.3199181290079E-01 0.0000000000000E+00
 0.0000000000000E+00 0.0000000000000E+00 0.0000000000000E+00 5.7475867513632E-01
 0.0000000000000E+00 0.0000000000000E+00 0.0000000000000E+00 0.0000000000000E+00
 1.7119686172426E-01 0.0000000000000E+00 0.0000000000000E+00 0.0000000000000E+00
 0.0000000000000E+00-5.3037756410271E-04 0.0000000000000E+00 0.0000000000000E+00
 0.0000000000000E+00 0.0000000000000E+00 8.8100666569439E-04 0.0000000000000E+00
 0.0000000000000E+00 0.0000000000000E+00 0.0000000000000E+00 0.0000000000000E+00
 0.0000000000000E+00 0.0000000000000E+00 0.0000000000000E+00 0.0000000000000E+00
 0.0000000000000E+00 0.0000000000000E+00 0.0000000000000E+00 0.0000000000000E+00
 0.0000000000000E+00 0.0000000000000E+00 0.0000000000000E+00 0.0000000000000E+00
 0.0000000000000E+00 0.0000000000000E+00 0.0000000000000E+00 0.0000000000000E+00
 0.0000000000000E+00 0.0000000000000E+00 0.0000000000000E+00 0.0000000000000E+00
 0.0000000000000E+00 0.0000000000000E+00 0.0000000000000E+00 0.0000000000000E+00
 0.0000000000000E+00 0.0000000000000E+00 0.0000000000000E+00 0.0000000000000E+00
 0.0000000000000E+00 0.0000000000000E+00 0.0000000000000E+00 0.0000000000000E+00
 0.0000000000000E+00 0.0000000000000E+00 0.0000000000000E+00 0.0000000000000E+00
 0.0000000000000E+00 0.0000000000000E+00 0.0000000000000E+00 0.0000000000000E+00
 0.0000000000000E+00 0.0000000000000E+00 0.0000000000000E+00 0.0000000000000E+00
 0.0000000000000E+00 0.0000000000000E+00 0.0000000000000E+00 0.0000000000000E+00
 0.0000000000000E+00 0.0000000000000E+00 0.0000000000000E+00 0.0000000000000E+00
 0.0000000000000E+00 0.0000000000000E+00 0.0000000000000E+00 0.0000000000000E+00
 0.0000000000000E+00 0.0000000000000E+00 0.0000000000000E+00 0.0000000000000E+00
 0.0000000000000E+00 0.0000000000000E+00 0.0000000000000E+00 0.0000000000000E+00
 0.0000000000000E+00 0.0000000000000E+00 0.0000000000000E+00 0.0000000000000E+00
 0.0000000000000E+00 2.3769395148986E-02 0.0000000000000E+00 0.0000000000000E+00
 0.0000000000000E+00 0.0000000000000E+00 3.3199181290079E-01 0.0000000000000E+00
 0.0000000000000E+00 0.0000000000000E+00 0.0000000000000E+00 5.7475867513632E-01
 0.0000000000000E+00 0.0000000000000E+00 0.0000000000000E+00 0.0000000000000E+00
 1.7119686172426E-01 0.0000000000000E+00 0.0000000000000E+00 0.0000000000000E+00
 0.0000000000000E+00-5.3037756410271E-04 0.0000000000000E+00 0.0000000000000E+00
 0.0000000000000E+00 0.0000000000000E+00 8.8100666569439E-04 0.0000000000000E+00
 0.0000000000000E+00 0.0000000000000E+00 0.0000000000000E+00 0.0000000000000E+00
 0.0000000000000E+00 0.0000000000000E+00 0.0000000000000E+00 0.0000000000000E+00
 0.0000000000000E+00 0.0000000000000E+00 0.0000000000000E+00 0.0000000000000E+00
 0.0000000000000E+00 0.0000000000000E+00 0.0000000000000E+00 0.0000000000000E+00
 0.0000000000000E+00 0.0000000000000E+00 0.0000000000000E+00 0.0000000000000E+00
 0.0000000000000E+00 0.0000000000000E+00-3.5838804206231E-07 2.6224634792967E-05
-1.4753297877932E-03 4.4017156845690E-02 1.8525295008687E-02 1.7445036500809E-01
-5.1728690180253E-01 2.1201280253023E-01 1.2909904597745E-01 4.0106845028013E-01
-2.2774064934649E-01-4.0896507832555E-01-5.3358443117855E-01-1.0861441930455E-01
-3.1077230251316E-03 0.0000000000000E+00 0.0000000000000E+00 0.0000000000000E+00
 0.0000000000000E+00 0.0000000000000E+00 0.0000000000000E+00 0.0000000000000E+00
 0.0000000000000E+00 0.0000000000000E+00 0.0000000000000E+00 0.0000000000000E+00
 0.0000000000000E+00 0.0000000000000E+00 0.0000000000000E+00 0.0000000000000E+00
 0.0000000000000E+00 0.0000000000000E+00 0.0000000000000E+00 0.0000000000000E+00
 0.0000000000000E+00 0.0000000000000E+00 0.0000000000000E+00 0.0000000000000E+00
 0.0000000000000E+00 0.0000000000000E+00 0.0000000000000E+00 0.0000000000000E+00
 0.0000000000000E+00 0.0000000000000E+00 0.0000000000000E+00 0.0000000000000E+00
 0.0000000000000E+00 0.0000000000000E+00 0.0000000000000E+00 0.0000000000000E+00
 0.0000000000000E+00 0.0000000000000E+00 0.0000000000000E+00 0.0000000000000E+00
 0.0000000000000E+00 0.0000000000000E+00 0.0000000000000E+00 0.0000000000000E+00
 0.0000000000000E+00 0.0000000000000E+00 0.0000000000000E+00 0.0000000000000E+00
 0.0000000000000E+00 0.0000000000000E+00 0.0000000000000E+00 0.0000000000000E+00
 0.0000000000000E+00 0.0000000000000E+00 0.0000000000000E+00 0.0000000000000E+00
 0.0000000000000E+00 0.0000000000000E+00 0.0000000000000E+00 0.0000000000000E+00
 0.0000000000000E+00 0.0000000000000E+00 0.0000000000000E+00 0.0000000000000E+00
 0.0000000000000E+00 0.0000000000000E+00 0.0000000000000E+00 0.0000000000000E+00
 0.0000000000000E+00 0.0000000000000E+00 0.0000000000000E+00 0.0000000000000E+00
 0.0000000000000E+00 0.0000000000000E+00 0.0000000000000E+00 0.0000000000000E+00
 0.0000000000000E+00 0.0000000000000E+00 0.0000000000000E+00 0.0000000000000E+00
 0.0000000000000E+00 0.0000000000000E+00 0.0000000000000E+00 0.0000000000000E+00
 0.0000000000000E+00 0.0000000000000E+00 0.0000000000000E+00 0.0000000000000E+00
 0.0000000000000E+00 0.0000000000000E+00 0.0000000000000E+00 0.0000000000000E+00
 0.0000000000000E+00 0.0000000000000E+00 0.0000000000000E+00 0.0000000000000E+00
 0.0000000000000E+00 0.0000000000000E+00 0.0000000000000E+00 0.0000000000000E+00
-1.9573931344553E-05 0.0000000000000E+00 0.0000000000000E+00 1.0935896998709E-03
 0.0000000000000E+00 0.0000000000000E+00 2.8483886908646E-02 0.0000000000000E+00
 0.0000000000000E+00 1.1059872502588E-01 0.0000000000000E+00 0.0000000000000E+00
-7.4997406783933E-02 0.0000000000000E+00 0.0000000000000E+00-2.0170383001499E-01
 0.0000000000000E+00 0.0000000000000E+00-1.2080268136729E-01 0.0000000000000E+00
 0.0000000000000E+00 1.9996502728704E-01 0.0000000000000E+00 0.0000000000000E+00
 4.9227499068148E-01 0.0000000000000E+00 0.0000000000000E+00 4.2465549096249E-01
 0.0000000000000E+00 0.0000000000000E+00 6.1701601130335E-02 0.0000000000000E+00
 0.0000000000000E+00 0.0000000000000E+00 0.0000000000000E+00 0.0000000000000E+00
 0.0000000000000E+00 0.0000000000000E+00 0.0000000000000E+00 0.0000000000000E+00
 0.0000000000000E+00 0.0000000000000E+00 0.0000000000000E+00 0.0000000000000E+00
 0.0000000000000E+00 0.0000000000000E+00 0.0000000000000E+00 0.0000000000000E+00
 0.0000000000000E+00 0.0000000000000E+00 0.0000000000000E+00 0.0000000000000E+00
 0.0000000000000E+00 0.0000000000000E+00 0.0000000000000E+00 0.0000000000000E+00
 0.0000000000000E+00 0.0000000000000E+00 0.0000000000000E+00 0.0000000000000E+00
 0.0000000000000E+00 0.0000000000000E+00 0.0000000000000E+00 0.0000000000000E+00
 0.0000000000000E+00 0.0000000000000E+00 0.0000000000000E+00 0.0000000000000E+00
 0.0000000000000E+00 0.0000000000000E+00 0.0000000000000E+00 0.0000000000000E+00
 0.0000000000000E+00 0.0000000000000E+00 0.0000000000000E+00 0.0000000000000E+00
 0.0000000000000E+00 0.0000000000000E+00 0.0000000000000E+00 0.0000000000000E+00
 0.0000000000000E+00 0.0000000000000E+00 0.0000000000000E+00 0.0000000000000E+00
 0.0000000000000E+00 0.0000000000000E+00 0.0000000000000E+00 0.0000000000000E+00
 0.0000000000000E+00 0.0000000000000E+00 0.0000000000000E+00 0.0000000000000E+00
 0.0000000000000E+00 0.0000000000000E+00 0.0000000000000E+00 0.0000000000000E+00
 0.0000000000000E+00 0.0000000000000E+00 0.0000000000000E+00 0.0000000000000E+00
 0.0000000000000E+00-1.9573931344553E-05 0.0000000000000E+00 0.0000000000000E+00
 1.0935896998709E-03 0.0000000000000E+00 0.0000000000000E+00 2.8483886908646E-02
 0.0000000000000E+00 0.0000000000000E+00 1.1059872502588E-01 0.0000000000000E+00
 0.0000000000000E+00-7.4997406783933E-02 0.0000000000000E+00 0.0000000000000E+00
-2.0170383001499E-01 0.0000000000000E+00 0.0000000000000E+00-1.2080268136729E-01
 0.0000000000000E+00 0.0000000000000E+00 1.9996502728704E-01 0.0000000000000E+00
 0.0000000000000E+00 4.9227499068148E-01 0.0000000000000E+00 0.0000000000000E+00
 4.2465549096249E-01 0.0000000000000E+00 0.0000000000000E+00 6.1701601130335E-02
 0.0000000000000E+00 0.0000000000000E+00 0.0000000000000E+00 0.0000000000000E+00
 0.0000000000000E+00 0.0000000000000E+00 0.0000000000000E+00 0.0000000000000E+00
 0.0000000000000E+00 0.0000000000000E+00 0.0000000000000E+00 0.0000000000000E+00
 0.0000000000000E+00 0.0000000000000E+00 0.0000000000000E+00 0.0000000000000E+00
 0.0000000000000E+00 0.0000000000000E+00 0.0000000000000E+00 0.0000000000000E+00
 0.0000000000000E+00 0.0000000000000E+00 0.0000000000000E+00 0.0000000000000E+00
 0.0000000000000E+00 0.0000000000000E+00 0.0000000000000E+00 0.0000000000000E+00
 0.0000000000000E+00 0.0000000000000E+00 0.0000000000000E+00 0.0000000000000E+00
 0.0000000000000E+00 0.0000000000000E+00 0.0000000000000E+00 0.0000000000000E+00
 0.0000000000000E+00 0.0000000000000E+00 0.0000000000000E+00 0.0000000000000E+00
 0.0000000000000E+00 0.0000000000000E+00 0.0000000000000E+00 0.0000000000000E+00
 0.0000000000000E+00 0.0000000000000E+00 0.0000000000000E+00 0.0000000000000E+00
 0.0000000000000E+00 0.0000000000000E+00 0.0000000000000E+00 0.0000000000000E+00
 0.0000000000000E+00 0.0000000000000E+00 0.0000000000000E+00 0.0000000000000E+00
 0.0000000000000E+00 0.0000000000000E+00 0.0000000000000E+00 0.0000000000000E+00
 0.0000000000000E+00 0.0000000000000E+00 0.0000000000000E+00 0.0000000000000E+00
 0.0000000000000E+00 0.0000000000000E+00 0.0000000000000E+00-1.9573931344553E-05
 0.0000000000000E+00 0.0000000000000E+00 1.0935896998709E-03 0.0000000000000E+00
 0.0000000000000E+00 2.8483886908646E-02 0.0000000000000E+00 0.0000000000000E+00
 1.1059872502588E-01 0.0000000000000E+00 0.0000000000000E+00-7.4997406783933E-02
 0.0000000000000E+00 0.0000000000000E+00-2.0170383001499E-01 0.0000000000000E+00
 0.0000000000000E+00-1.2080268136729E-01 0.0000000000000E+00 0.0000000000000E+00
 1.9996502728704E-01 0.0000000000000E+00 0.0000000000000E+00 4.9227499068148E-01
 0.0000000000000E+00 0.0000000000000E+00 4.2465549096249E-01 0.0000000000000E+00
 0.0000000000000E+00 6.1701601130335E-02 0.0000000000000E+00 0.0000000000000E+00
 0.0000000000000E+00 0.0000000000000E+00 0.0000000000000E+00 0.0000000000000E+00
 0.0000000000000E+00 0.0000000000000E+00 0.0000000000000E+00 0.0000000000000E+00
 0.0000000000000E+00 0.0000000000000E+00 0.0000000000000E+00 0.0000000000000E+00
 0.0000000000000E+00 0.0000000000000E+00 0.0000000000000E+00 0.0000000000000E+00
 0.0000000000000E+00 0.0000000000000E+00 0.0000000000000E+00 0.0000000000000E+00
 0.0000000000000E+00 0.0000000000000E+00 0.0000000000000E+00 0.0000000000000E+00
 0.0000000000000E+00 0.0000000000000E+00 0.0000000000000E+00 0.0000000000000E+00
 0.0000000000000E+00 0.0000000000000E+00 0.0000000000000E+00 0.0000000000000E+00
 0.0000000000000E+00 0.0000000000000E+00 0.0000000000000E+00 0.0000000000000E+00
 0.0000000000000E+00 0.0000000000000E+00 0.0000000000000E+00 0.0000000000000E+00
 0.0000000000000E+00 0.0000000000000E+00 0.0000000000000E+00 0.0000000000000E+00
 0.0000000000000E+00 0.0000000000000E+00 0.0000000000000E+00 0.0000000000000E+00
 0.0000000000000E+00 0.0000000000000E+00

